$GPGSV,3,1,09,30,65,337,,37,53,199,,28,51,180,17,07,48,031,25*79
$GPGSV,3,2,09,20,44,186,26,09,43,094,31,05,33,308,15,13,10,304,*77
$GPGSV,3,3,09,19,06,071,*48
$GPRMC,131554.000,A,3003.2990,N,03121.3707,E,1.37,283.74,180215,,,A*69
$GPGGA,131555.000,3003.2989,N,03121.3713,E,1,6,1.24,135.1,M,16.8,M,,*5F
$GPGSA,A,3,09,28,20,07,30,05,,,,,,,1.57,1.24,0.97*08
$GPGSV,3,1,09,30,65,337,17,28,51,180,19,07,48,031,24,20,44,186,26*7A
$GPGSV,3,2,09,09,43,094,32,40,40,127,,05,33,308,16,13,10,304,*7A
$GPGSV,3,3,09,19,06,071,*48
$GPRMC,131555.000,A,3003.2989,N,03121.3713,E,0.53,283.74,180215,,,A*66
$GPGGA,131556.000,3003.2986,N,03121.3719,E,1,6,1.24,135.2,M,16.8,M,,*5A
$GPGSA,A,3,09,28,20,07,30,05,,,,,,,1.57,1.24,0.97*08
$GPGSV,3,1,09,30,65,337,16,28,51,180,19,07,48,031,25,20,44,186,25*79
$GPGSV,3,2,09,09,43,094,33,40,40,127,,05,33,308,16,13,10,304,*7B
$GPGSV,3,3,09,19,06,071,*48
$GPRMC,131556.000,A,3003.2986,N,03121.3719,E,0.18,283.74,180215,,,A*6F
$GPGGA,131557.000,3003.2985,N,03121.3720,E,1,6,1.24,135.4,M,16.8,M,,*54
$GPGSA,A,3,09,28,20,07,30,05,,,,,,,1.57,1.24,0.97*08
$GPGSV,3,1,09,30,65,337,16,28,52,180,26,07,48,031,32,20,44,186,25*70
$GPGSV,3,2,09,09,43,094,32,40,40,127,,05,33,308,16,13,10,304,*7A
$GPGSV,3,3,09,19,06,071,*48
$GPRMC,131557.000,A,3003.2985,N,03121.3720,E,0.47,283.74,180215,,,A*6D







$GPGGA,139255.000,3003.2989,N,03121.3713,E,1,6,1.24,135.1,M,16.8,M,,*5F